-486
-66
392
409
78
-4
462
-291
-454
263
182
-95
11
-465
348
108
390
-98
-222
-178
488
245
381
-374
-241
436
-417
113
-123
126
-349
400
370
-74
-41
346
-355
266
243
-91
-96
406
360
392
-45
-447
243
428
483
-402
-359
-177
-488
-145
430
-367
217
-325
-39
-330
-137
346
216
-103
499
316
59
-457
-461
-463
166
404
344
327
169
492
447
197
448
172
432
309
-338
-321
348
471
425
-230
495
-443
415
92
-365
93
-321
-354
373
-473
70
-283
-385
389
-287
225
485
-420
-167
-457
498
71
165
478
347
164
466
-171
71
-226
329
163
171
354
341
281
-298
-268
400
-352
260
-76
421
-410
-499
-17
77
-89
465
307
402
459
-148
416
-91
-299
315
163
-444
455
-307
324
129
-94
-174
174
-435
220
-406
-279
15
144
226
-493
-95
72
227
-114
-392
95
-291
-331
-274
-298
-75
56
-448
-178
156
-447
-128
-363
-132
73
199
-354
-493
-191
77
260
-27
-95
283
-461
-477
-271
-251
260
-123
154
33
-124
-363
470
241
269
-365
132
-301
433
-53
467
-382
33
-445
-135
199
-163
-151
-162
-405
141
-218
-257
-288
186
334
113
469
-352
-458
-104
159
380
293
44
304
-161
382
-163
-366
366
-383
-486
-426
-167
348
-300
112
98
270
-289
449
-157
384
152
144
-49
65
-201
154
324
-490
-224
-336
167
-93
-472
-500
-357
290
-91
-462
-165
-384
374
152
-144
220
74
-265
229
80
-482
467
-67
88
-441
-363
-316
452
294
25
431
-489
375
-99
427
-208
-270
-49
99
328
-285
-251
-237
-194
-47
326
42
4
372
392
373
485
268
-95
-173
402
-376
342
-367
86
-273
50
-193
242
115
226
-357
-364
329
497
399
8
-359
169
-15
416
196
482
-105
-54
236
-2
165
-463
-157
-494
-139
442
-64
42
414
-88
-47
422
344
-437
-439
119
-48
-50
-411
-58
-257
-255
481
-156
-71
-407
365
-462
-246
463
472
-453
-88
164
383
-82
-161
-307
364
488
-310
-51
314
241
-23
-250
96
-455
-30
-349
120
188
-190
193
-355
-24
117
437
23
-8
-283
440
-392
-409
-180
139
13
186
-292
-188
-460
61
-287
228
226
-247
283
-26
-150
-67
171
-478
-73
-285
62
-453
-266
-437
352
233
-397
-200
287
-471
-118
26
483
349
-500
-174
-96
-56
101
-240
114
-398
482
-211
-29
457
146
-406
200
323
-380
336
-199
-163
64
-132
-110
-115
-430
483
-367
66
26
-427
-165
424
464
375
422
-123
231
107
-352
-124
-490
-23
-99
-266
-488
-157
-309
334
-495
138
153
-310
-321
-491
-278
431
-59
-270
-14
-308
58
-133
-66
-410
133
210
409
392
-312
284
85
-303
-337
190
-113
-293
247
74
-347
331
-171
297
-317
103
-132
144
70
312
-331
95
-212
238
189
-474
-335
-65
157
-72
-434
-368
310
-50
306
-400
-285
241
211
-254
-218
-381
195
-378
-194
-5
-333
395
-23
-80
237
481
-351
437
266
472
224
271
213
-184
252
-413
-255
42
237
-476
-213
111
283
-266
-133
-377
-116
-419
-53
-213
33
-32
-63
-342
23
347
-4
-456
-97
-458
485
473
445
500
-329
411
27
218
-154
212
153
277
-481
-226
23
-242
-453
57
325
-354
75
-36
-47
449
-455
-336
-222
-188
-440
201
-464
-162
51
-14
-63
-243
-91
313
216
179
357
-351
224
-27
-46
-162
-312
-198
348
-377
243
167
450
5
-51
-210
468
446
212
417
-332
-45
77
-151
-360
-172
-393
141
-407
-210
24
-360
-164
-33
-20
32
-338
-35
412
247
-423
299
-439
250
-345
140
251
-370
-359
432
159
-64
275
-182
166
333
-119
-427
-187
-80
-160
291
-182
-75
-129
130
33
437
-493
-72
83
121
230
326
288
82
-354
-459
-382
-204
441
-3
-143
-328
-243
45
-89
-31
329
108
298
-455
300
302
-12
472
-284
-247
-19
-262
-311
76
84
280
-308
158
309
492
-476
-25
-142
-67
284
341
-39
348
-138
-259
389
198
397
124
52
283
41
-493
190
39
75
254
-382
-20
-313
-297
-280
147
-178
436
90
-479
-235
113
186
119
-371
190
-89
271
143
-341
-461
396
-294
-231
-143
470
-494
239
41
-408
341
309
87
-440
487
-405
-467
445
337
1
486
-235
226
-70
-435
69
191
87
90
233
-90
220
223
-477
-500
53
-40
443
-44
499
71
-376
-418
287
437
21
278
-458
-42
-14
22
41
127
-381
-165
-395
-342
458
199
473
119
-421
-91
-215
-67
242
-410
-407
-415
456
432
-320
-296
-110
-237
397
277
-45
-257
107
-38
431
430
437
210
-63
470
-252
301
-463
-232
-459
-78
251
494
-38
-301
-153
-399
171
129
-151
196
182
-181
-214
445
-345
-417
107
-217
-153
-292
-471
-361
90
498
-51
-398
-110
436
12
-467
-443
330
434
108
-240
420
447
84
-253
-81
332
-16
-182
-424
33
-249
-325
-266
178
-389
240
-51
-29
145
343
-153
94
-443
-391
472
321
395
317
-352
-437
131
-386
-427
-166
445
-320
46
-293
-296
-69
60
-327
405
-146
-200
455
-241
-283
64
-413
-480
26
371
453
393
-430
395
-264
-341
-308
327
398
-258
-485
-246
325
-142
311
286
-326
-42
156
-206
-346
36
-207
-357
422
379
-347
87
294
-94
409
-285
-31
495
-297
299
199
-211
494
-31
-97
202
479
393
366
357
-250
431
41
260
-331
-185
25
-326
106
-78
-244
-386
465
