-265
-226
-530
-88
639
879
-795
489
144
219
-216
-515
-160
-105
-421
-499
-793
769
701
-320
-528
-954
1000
-811
89
641
-84
616
26
-440
-443
463
-399
562
341
-245
-691
347
0
870
-830
142
-685
424
972
143
706
811
-235
-864
219
809
175
6
-242
405
-422
-174
478
565
-133
-859
415
263
188
-612
-53
141
-194
88
52
-568
914
-306
-357
-244
-427
-958
-343
567
-549
859
-436
297
919
493
865
728
281
196
-412
-206
-653
789
917
540
-38
58
61
337
-488
34
-457
956
-783
979
780
-575
-72
-963
327
593
258
758
-250
265
844
-394
-793
336
29
-551
101
479
-149
6
543
-23
24
-77
400
682
-966
-879
-544
-561
-945
672
-513
-258
643
-739
-622
-372
-811
-268
-160
-50
183
-391
142
317
802
318
-321
-754
-774
589
928
-291
-393
218
243
-17
769
912
-794
-124
322
135
-731
714
-260
862
-161
-612
-976
-809
714
398
-943
-922
8
-628
-47
-663
914
714
638
569
328
-165
-899
196
-379
-487
930
147
431
163
470
-334
-61
-651
223
496
-564
844
521
-161
-28
709
-626
-708
330
233
-754
240
663
-597
-34
828
-477
-123
-515
-185
370
709
-164
-734
839
-485
187
922
-841
-74
-377
380
289
-377
-169
-950
822
955
377
576
-892
612
-283
-239
-172
817
868
-683
-874
32
222
-776
-554
-640
-486
414
409
-519
721
657
751
57
-799
33
-529
-769
948
-396
-210
-385
-124
-73
794
-942
-111
512
427
-167
-96
-897
474
-520
212
-766
614
72
883
-939
-895
371
985
235
-874
-733
649
-804
136
146
-821
-739
-897
-769
636
-28
274
-637
485
-395
-905
-603
372
-180
-896
5
31
766
-836
864
-684
377
178
-824
-547
-286
518
-809
650
169
396
652
81
-517
417
-205
265
987
878
159
-109
-16
-860
570
352
522
-415
-824
-256
-143
567
-70
-229
-665
-628
875
989
157
653
-307
695
-699
-885
82
-997
-980
-956
454
-765
-836
-56
636
67
444
-466
680
-901
424
-846
-931
-118
299
326
-110
-900
222
-784
-587
-187
539
311
135
105
796
-66
-10
-985
220
-927
641
-315
412
-38
525
473
-371
-19
564
914
408
-253
-452
230
250
-111
-416
-186
-204
749
-897
620
894
-876
-445
898
635
848
997
724
-607
-975
-544
839
-676
292
826
-15
38
-80
408
591
25
831
866
-615
443
-177
482
-115
-611
-871
950
624
-268
562
-935
-140
-249
-182
278
-869
-643
-36
715
765
-108
-993
195
943
413
691
-904
-199
271
-8
-429
-614
-339
157
-397
327
46
632
-599
-615
798
582
195
716
62
156
-599
264
809
-112
504
-460
579
799
-723
728
541
-191
-588
-250
-708
310
-508
-597
433
-235
-362
-218
174
-272
381
961
-891
829
879
-335
477
167
-30
-173
135
-863
-82
-325
-385
601
-590
541
184
-539
-486
492
-584
-86
-352
-900
-725
467
932
-236
-566
801
19
81
529
707
206
860
-9
-121
-176
-996
-116
-604
-865
931
-627
71
759
-162
939
-856
-293
-305
-862
275
385
-233
58
956
114
-26
-667
-120
47
-606
-158
-396
-770
-917
-755
-364
202
366
-492
985
438
-123
484
-29
-648
-819
975
105
-840
419
927
721
485
-176
124
-828
710
953
628
-575
-626
447
963
171
-342
315
-831
749
-916
61
610
779
40
-463
452
-683
771
354
-232
-858
735
-455
871
-966
-893
-944
-641
869
766
-365
525
853
-521
474
-901
-789
21
389
213
-72
237
890
-262
-905
-230
834
-393
-511
801
-273
405
-269
613
167
538
92
335
613
434
-518
995
-690
276
-816
770
279
503
-589
-299
-312
205
357
-703
725
340
306
-84
-875
-360
-230
-507
-248
-625
270
359
