774
-831
-279
783
900
-974
-861
-288
-244
812
881
-445
557
369
-185
-189
-29
-703
843
-572
-19
837
-95
-234
455
729
-258
-725
-290
-252
-112
50
531
-257
650
321
409
-609
-834
-836
691
-751
-315
-963
-133
-601
995
838
-651
-676
203
-311
862
-221
-548
-768
-53
661
904
680
196
310
972
-32
686
-654
837
3
170
659
-927
-811
701
271
860
-992
-505
364
-420
449
183
391
798
497
-587
-404
949
-208
-981
-484
812
-909
491
-21
-816
971
113
-968
-870
416
596
520
-919
-860
-550
949
901
-76
258
639
547
-661
-777
-500
646
4
-927
-647
430
-339
577
-504
223
-861
-750
-976
-468
427
-475
956
313
68
920
776
-163
-427
549
-437
-439
-16
41
-876
-245
579
250
883
449
111
-140
717
-544
250
775
677
840
-766
-230
252
305
259
-378
-894
3
911
166
323
-742
-509
-335
997
738
-654
960
-892
320
527
-135
-869
719
812
-651
-168
430
-616
553
-922
797
822
436
-326
-881
46
-294
-762
533
899
916
-800
565
-630
