-505
-632
-829
756
-474
-23
-778
708
-344
144
-633
-451
-887
-956
97
-298
62
-510
-259
-513
986
-47
2
-14
414
-430
116
-10
-71
-633
-352
80
-348
409
-847
-18
-620
563
-902
803
-835
-425
-494
495
916
-801
-119
-687
525
-931
-394
432
906
-682
998
330
-431
595
974
-399
356
758
412
-970
-634
25
622
426
-224
714
-398
399
-967
-198
-76
795
-993
-861
-295
155
-609
-393
-582
-681
-575
351
-431
-581
110
384
359
567
700
257
-240
-624
-479
708
-947
938
324
-720
854
433
4
-828
700
757
496
-21
6
749
-182
489
-680
776
-804
853
-734
-240
933
-818
-979
207
-70
-573
-205
-458
674
165
590
822
649
-667
123
-59
108
-873
-150
86
-871
-471
667
-613
-30
284
537
-943
250
728
540
249
840
-929
-800
-521
-377
903
241
-243
569
-475
639
775
960
-599
-185
-898
754
989
330
476
373
-516
371
-398
53
951
-610
-136
273
-395
-62
635
-378
27
765
-794
-856
412
-180
433
-303
-210
188
-636
-315
671
96
40
494
-494
-608
581
88
-37
964
-76
106
986
889
762
546
-648
711
11
941
-820
-489
204
-684
-449
-520
596
728
-441
-286
-284
656
-716
174
490
843
93
322
-125
-499
786
419
765
-833
-882
499
-604
742
-69
215
101
753
366
-391
-91
970
154
825
641
-263
-118
457
119
416
874
344
505
273
1
-607
-498
543
-13
364
-767
859
339
386
78
485
53
-838
347
-948
-782
-541
-325
-589
-146
-268
935
-159
996
-535
-912
-836
-631
-885
409
167
965
876
136
-918
-251
-470
857
23
714
-246
937
-811
32
-414
89
-676
-381
811
-488
305
-930
864
-849
676
342
769
367
-464
681
174
-505
-480
774
-199
-833
-611
745
219
-775
-646
-438
189
157
946
98
981
-123
438
916
-484
-104
-838
410
-666
-610
-26
-749
-805
87
564
114
-902
-383
579
185
518
-301
117
499
72
-402
906
-169
908
619
169
-201
42
-254
-122
-240
-139
-46
-640
-694
608
319
660
904
756
-234
-249
-765
367
263
-103
-754
345
-719
-309
-351
638
625
-505
164
-75
806
978
-292
-904
-674
762
724
-448
-323
-106
871
402
-555
973
878
523
446
60
-983
328
-917
-508
-226
174
-375
539
-688
-998
968
395
-930
-876
-766
748
-573
43
-808
235
381
284
989
-164
-45
490
162
-874
-489
-47
-104
754
638
-805
203
662
-305
-147
17
-424
-880
-521
-658
869
485
-450
832
127
-479
-47
674
925
938
784
548
-708
263
-327
536
-823
304
-421
-101
110
-588
590
483
-238
608
583
572
-721
-93
536
844
-101
455
-11
588
