993
566
-280
-984
-113
595
609
293
340
633
-670
124
619
-972
-313
480
178
-729
439
402
-290
-798
4
-853
-805
887
-652
-83
-105
-984
8
207
874
-367
7
-713
-874
-35
-578
-190
-377
-882
999
663
-893
494
729
-202
-968
550
-406
-921
406
337
-682
631
-352
-377
-957
-844
-47
-399
-765
237
578
788
109
-301
-709
-346
-673
632
-577
989
-539
87
-29
-957
408
82
591
-421
891
598
795
471
-369
-511
851
-288
-685
-522
383
-986
514
-671
-690
277
-203
-621
547
-596
-968
872
379
-137
-560
955
-13
979
-62
-760
-176
-819
939
383
693
-189
-89
865
-797
517
-355
454
-568
164
-76
-852
282
313
438
434
122
-515
-466
-755
644
408
563
824
514
-942
-135
261
741
806
-637
-476
377
-25
753
300
394
716
-271
-800
498
84
726
-1000
32
-535
-360
156
857
-170
157
-327
-323
843
-494
-77
-571
84
-457
-926
34
918
-814
848
670
-988
-366
-424
-487
-571
408
-608
-491
-551
-431
-831
731
948
931
872
598
-636
231
-378
-588
567
-620
-631
-243
-307
712
606
-960
917
298
-839
-784
891
-363
-395
-411
128
-684
672
-662
378
-627
-853
-137
214
-255
-359
-585
828
626
872
-856
158
600
676
849
-701
366
-119
64
258
-362
-388
-972
-587
667
-632
888
-622
10
67
-414
1000
-413
-937
-163
-480
586
-269
-819
672
461
825
280
185
837
-442
179
100
-204
-763
574
150
837
777
141
286
-782
-309
817
-527
-556
-930
-100
189
-977
499
357
813
753
256
-477
-308
-145
703
365
732
68
725
636
765
-758
995
-129
456
-963
190
-481
-218
-497
511
-143
294
770
368
735
362
680
402
-518
609
-444
385
-133
225
369
-616
-178
-87
968
-284
748
-608
883
853
-747
-475
-687
-768
-826
-63
-933
233
39
139
71
-497
659
-812
-481
-898
-562
748
-382
-270
961
821
-632
-196
767
-393
-435
-887
-913
-205
-204
765
-995
255
521
800
-439
499
-195
300
318
224
-302
-393
-533
-7
233
314
508
-466
-693
295
-516
532
658
670
-480
630
-310
-682
-569
86
-449
-763
-255
-224
-787
-40
423
397
-117
863
133
547
-115
-437
-549
128
-162
115
-371
-419
-610
-895
377
-801
-692
447
423
-757
-127
-298
975
569
117
-205
52
-140
241
185
-135
-26
-941
-478
540
-682
-475
-461
190
-208
434
974
775
732
-737
-401
954
-608
949
-743
603
443
390
795
817
681
28
509
581
117
-553
670
-626
533
715
267
382
-678
-633
-68
-600
607
-274
-768
-911
389
-211
-171
732
211
-946
679
932
-48
457
-483
-216
-355
160
-681
-334
-448
600
-633
679
-386
-893
553
171
201
896
-480
336
-99
4
-209
364
-611
627
404
980
99
726
-203
-703
61
-396
-366
-995
677
-587
-956
-351
-66
-44
-228
-767
959
41
332
-9
297
273
-119
150
464
399
-889
40
-748
955
458
-298
-163
672
-266
660
909
-503
170
-33
13
969
-660
608
137
-725
855
729
-79
274
887
-899
644
-791
-919
739
419
349
632
827
465
257
-622
-137
-57
-222
-588
-256
86
548
-578
770
27
406
96
-871
-916
874
-789
-519
712
20
-339
-872
29
-124
-592
-400
-327
41
971
503
466
-567
491
543
-466
-120
-637
-674
79
-694
-213
122
114
-794
958
480
-805
917
79
-478
970
208
865
188
761
383
881
922
104
-678
661
32
76
-946
48
295
291
875
196
395
-787
71
797
-348
-392
-165
924
306
700
903
-245
-418
-510
-624
733
964
709
-957
976
-789
-804
-504
681
-671
567
514
640
-897
-836
910
-98
-513
288
186
684
952
454
592
-532
638
-356
38
461
-738
-738
529
356
425
377
-921
-131
