899
-765
268
-786
-356
836
935
-405
756
776
-301
-212
-539
-122
-881
-150
906
183
-636
694
-772
906
-793
-689
-811
-853
93
872
-139
16
-576
329
-552
-864
-23
291
932
817
421
522
-811
-164
190
-985
392
-283
-364
545
-779
362
293
-724
-421
-91
-918
332
-784
-834
-150
-619
-557
297
-179
-366
-554
675
-772
-830
-802
-334
509
735
-161
911
-346
702
-38
-87
821
697
-91
361
-473
263
669
-156
-483
441
-364
999
-453
11
156
772
-124
4
-952
483
756
-114
461
352
-687
444
-39
775
-767
-258
325
-892
958
-718
-10
-263
-70
-265
-376
45
896
334
-626
245
-919
434
-846
-556
415
-166
-338
-206
-498
-189
148
635
-328
-104
145
-775
-110
-3
-958
860
189
-693
531
191
-283
44
-51
-913
-119
-634
240
-406
-492
-183
245
-223
-775
-636
281
-230
-314
675
384
330
-769
944
-293
-69
-965
-674
-225
-335
128
-852
-740
419
-24
426
921
944
29
655
137
292
332
354
-708
-850
-465
-477
102
661
-800
-276
-58
-951
964
185
-781
914
541
-590
663
-140
-264
151
-623
-249
-654
765
698
998
-820
285
387
485
-688
-839
-987
382
-319
175
720
-767
-199
-541
-978
-196
-521
-782
434
964
-931
294
-852
637
499
660
867
-208
478
753
-974
-163
175
-949
142
-28
982
932
-98
888
-67
-899
393
135
-42
351
470
-937
-210
985
196
-88
415
-446
322
318
-159
-177
848
-477
848
-738
-773
-156
209
273
-173
-456
-603
-585
595
439
-316
739
560
426
-10
708
-906
-872
-279
-239
-686
191
-325
-514
-657
-694
373
253
-359
-233
460
-1000
1
-132
343
-23
-123
-208
-349
668
369
-213
128
-163
204
250
-418
921
563
404
980
39
-391
720
-654
363
-229
648
797
-902
342
310
-784
-984
705
-88
113
35
599
643
604
687
-557
437
-867
-630
-356
-755
-10
-474
491
-776
-875
158
-734
-193
145
-548
-739
364
301
743
-239
272
-665
581
-837
68
235
610
-930
335
-39
-16
258
-707
-807
-703
-681
-798
992
-900
-937
-7
-152
832
683
-353
-498
267
570
-793
74
323
-285
-566
978
-119
-211
469
-566
468
-945
430
-985
2
-476
-997
740
-783
-511
-350
-858
-513
-949
897
-251
-922
18
-27
82
888
969
966
-145
748
745
861
-832
-319
574
156
98
69
427
560
710
383
698
792
516
885
-212
-11
-161
149
-66
-484
-477
-464
609
604
161
826
-757
367
297
-962
-695
-285
-655
-481
371
-442
16
851
-391
851
587
-849
641
-126
352
671
-152
317
-864
-903
504
-977
954
-521
-773
-210
205
-150
-6
-166
-590
-777
774
-483
447
177
760
-462
232
-557
988
847
-260
-285
-101
-19
775
934
359
709
-325
-300
-955
930
915
-458
-197
317
-413
851
490
846
243
961
891
631
-51
-610
-298
-525
-700
-602
-928
-740
522
-275
625
738
-707
-163
373
679
-819
-235
-131
133
-944
-492
-431
607
201
850
135
-847
287
-297
-837
-502
489
941
228
-197
737
6
-61
-96
-124
227
-770
116
136
817
-657
633
-207
327
763
209
797
-980
133
-151
-203
-977
157
443
199
640
745
873
705
-296
964
-575
741
-135
920
331
790
-934
932
184
-669
-45
104
-576
-186
686
-800
862
95
-935
368
-897
73
-872
387
-350
-352
324
-989
342
497
377
766
-701
317
-944
469
-166
194
-524
61
922
158
884
-960
15
-891
696
290
405
-757
325
689
872
872
-681
444
-346
-103
-152
-463
698
756
380
621
-744
-665
-806
15
-577
-720
662
-115
328
740
-589
-934
623
502
3
325
-838
301
933
973
-223
-119
-311
726
859
-662
635
-889
-392
967
495
-85
-637
114
-9
934
-563
-460
356
